4
3
0 1
(0 0 0)
(0 1 0 1)
(1 0 2)
(1 1 2)
(2 0 3)
(2 1 3)
..........
5
2 4
0 1
(0 0 0 3)
(0 1 0 1)
(1 1 2)
(2 0 2)
(2 1 2)
(3 0 4)
(4 0 4)
(4 1 4)
..........
5
4
a b c
(0 a 0 1)
(0 b 0 2)
(1 b 3)
(1 c 2)
(2 a 3 4)
(2 b 2)
(3 c 0 4)
(4 c 0)
..........
4
2
0 1 2 3
(0 e 1 3)
(0 0 0)
(1 e 2)
(1 1 1 3)
(2 2 2)
(3 e 2)
(3 3 3)
..........
4
3
a b
(0 e 1)
(0 a 2)
(1 a 1)
(1 b 3)
(2 e 3)
(2 b 2)
(3 a 3)
..........
10
5
0 1
(0 0 1)
(0 1 2)
(1 e 2)
(1 1 3)
(2 0 1 5)
(3 e 4)
(4 e 7)
(4 0 6)
(4 1 3)
(6 0 5)
(7 e 9)
(7 0 8)
(8 1 3)
(9 0 0)
..........
14
13
0 1
(0 0 0)
(0 1 0 1)
(1 0 2)
(1 1 2)
(2 0 3)
(2 1 3)
(3 0 4)
(3 1 4)
(4 0 5)
(4 1 5)
(5 0 6)
(5 1 6)
(6 0 7)
(6 1 7)
(7 0 8)
(7 1 8)
(8 0 9)
(8 1 9)
(9 0 10)
(9 1 10)
(10 0 11)
(10 1 11)
(11 0 12)
(11 1 12)
(12 0 13)
(12 1 13)
..........